0.0034999999999999998558	0.016214829552736365386
0.0069999999999999997116	0.032288637616505359103
0.010499999999999999568	0.04822002301940030426
0.013999999999999999423	0.064000975402329108113
0.017499999999999999278	0.079623996726261108014
0.020999999999999999136	0.095082427680067852985
0.024499999999999998992	0.11037011585149789488
0.027999999999999998846	0.12548158782194486716
0.031499999999999998701	0.14041140743788185422
0.034999999999999998557	0.15515530585040190027
0.038499999999999998416	0.16970861379049222567
0.041999999999999998272	0.18406731208984995331
0.045499999999999998128	0.19822809504022815721
0.048999999999999997984	0.21218764345604319447
0.052499999999999997837	0.22594244863977726026
0.055999999999999997693	0.23948995319198181653
0.059499999999999997549	0.25282785354675585738
0.062999999999999997402	0.26595401236763175059
0.066499999999999997258	0.27886592380002826589
0.069999999999999997114	0.29156170493333022828
0.073499999999999996976	0.3040398827199119943
0.076999999999999996832	0.3162991516658828402
0.080499999999999996688	0.32833836805241238137
0.083999999999999996544	0.34015645347670503174
0.0874999999999999964	0.35175206196927935235
0.090999999999999996256	0.36312447102053687777
0.094499999999999996112	0.37427318338554641224
0.097999999999999995969	0.38519783350997000951
0.10149999999999999582	0.39589818305839928299
0.10499999999999999567	0.4063741165687869891
0.10849999999999999554	0.41662563722727066916
0.11199999999999999539	0.42665266396857751187
0.11549999999999999525	0.43645511746775259384
0.1189999999999999951	0.44603336771151357959
0.12249999999999999496	0.4553878900534013651
0.1259999999999999948	0.46451925640613512703
0.12949999999999999467	0.47342813181866448785
0.13299999999999999452	0.4821152711353597463
0.13649999999999999438	0.49058151573485642212
0.13999999999999999423	0.49882779034625435429
0.1434999999999999941	0.50685509994052936443
0.14699999999999999395	0.51466448930206781744
0.15049999999999999381	0.52225684409292022617
0.15399999999999999366	0.5296333603091003133
0.15749999999999999352	0.53679535974919928793
0.16099999999999999338	0.54374422829709759454
0.16449999999999999322	0.55048141333091505224
0.16799999999999999309	0.55700801966820349866
0.17149999999999999293	0.563324895356173791
0.1749999999999999928	0.56943371234347176749
0.17849999999999999264	0.5753362083737427969
0.18199999999999999251	0.58103416672676038465
0.18549999999999999236	0.5865294141507706506
0.18899999999999999222	0.59182381883738260046
0.19249999999999999208	0.59691928843835007388
0.19599999999999999194	0.60181776812363096051
0.19949999999999999178	0.6065212386801428153
0.20299999999999999165	0.61103171465066229682
0.20649999999999999151	0.61535124251233968125
0.20999999999999999135	0.6194818988943197919
0.2134999999999999912	0.62342578883397755329
0.21699999999999999107	0.62718504407129052418
0.22049999999999999093	0.63076182138088260679
0.22399999999999999077	0.6341583009412830081
0.22749999999999999063	0.63737668474095274306
0.2309999999999999905	0.64041919502063778127
0.23449999999999999035	0.64328807275161352651
0.2379999999999999902	0.64598557614938996571
0.24149999999999999007	0.64851397922245054991
0.24499999999999998992	0.65087557035560094168
0.24849999999999998976	0.65307265092750621792
0.25199999999999998961	0.65510754484868559074
0.25549999999999998949	0.65698268111766284697
0.25899999999999998935	0.65870041097481574216
0.2624999999999999892	0.66026306532754443267
0.26599999999999998903	0.66167298223711992745
0.26949999999999998891	0.66293250569952254144
0.27299999999999998877	0.66404398445929323355
0.27649999999999998863	0.66500977085590582224
0.27999999999999998845	0.66583221970217115174
0.28349999999999998834	0.66651368719418726129
0.28699999999999998819	0.6670565298523526212
0.29049999999999998802	0.6674631034929624677
0.29399999999999998791	0.6677357622299112458
0.29749999999999998776	0.66787685750602716271
0.30099999999999998762	0.66788873715356781999
0.30449999999999998745	0.66777374448340892849
0.30799999999999998733	0.66753421740246110468
0.31149999999999998719	0.6671724875588528218
0.31499999999999998704	0.66669087951442063784
0.31849999999999998687	0.66609170994405094384
0.32199999999999998675	0.6653772868614205875
0.32549999999999998661	0.66454990887068691622
0.32899999999999998644	0.66361186444368094249
0.33249999999999998632	0.66256543122216059888
0.33599999999999998618	0.6614128753446842959
0.33949999999999998603	0.66015645079766829449
0.34299999999999998586	0.658798398790194742
0.34649999999999998575	0.65734094715214058766
0.3499999999999999856	0.65578630975520100073
0.35349999999999998546	0.65413668595638434276
0.35699999999999998529	0.65239426006355923354
0.36049999999999998517	0.65056120082263773523
0.36399999999999998503	0.64863966092598224108
0.36749999999999998485	0.64663177654162721641
0.37099999999999998471	0.64453966686291053211
0.37449999999999998459	0.64236543367811279389
0.37799999999999998445	0.64011116095970670782
0.38149999999999998428	0.63777891447282223308
0.38499999999999998416	0.63537074140253698855
0.38849999999999998402	0.63288866999960513663
0.39199999999999998387	0.63033470924424173467
0.3954999999999999837	0.6277108485275833562
0.39899999999999998356	0.62501905735044959513
0.40249999999999998341	0.62226128503903393823
0.4059999999999999833	0.61943946047715633301
0.40949999999999998315	0.616555491854713695
0.41299999999999998301	0.6136112664319684909
0.41649999999999998287	0.61060865031931947709
0.4199999999999999827	0.60754948827220260768
0.42349999999999998255	0.60443560350077410069
0.42699999999999998241	0.6012687974940316142
0.43049999999999998229	0.59805084985803349493
0.43399999999999998215	0.59478351816788004361
0.437499999999999982	0.59146853783312477201
0.44099999999999998186	0.58810762197628764714
0.44449999999999998169	0.58470246132414634957
0.44799999999999998154	0.58125472411148561606
0.4514999999999999814	0.57776605599698878293
0.45499999999999998126	0.57423807999095970411
0.45849999999999998114	0.57067239639456727421
0.46199999999999998099	0.56707058275030883493
0.46549999999999998085	0.56343419380339282996
0.46899999999999998071	0.55976476147374510864
0.47249999999999998054	0.55606379483834735987
0.47599999999999998039	0.55233278012362021039
0.47949999999999998025	0.5485731807075675758
0.48299999999999998013	0.54478643713140291748
0.48649999999999997999	0.54097396712038208947
0.48999999999999997984	0.53713716561357151838
0.4934999999999999797	0.53327740480228448685
0.49699999999999997953	0.52939603417692231196
0.50049999999999997941	0.52549438058196123677
0.50399999999999997921	0.52157374827882985668
0.50749999999999997907	0.51763541901642589677
0.51099999999999997898	0.51368065210902513204
0.51449999999999997883	0.50971068452133923174
0.51799999999999997869	0.5057267309604832387
0.52149999999999997855	0.50172998397461735301
0.5249999999999999784	0.49772161405803160797
0.5284999999999999782	0.49370276976244592516
0.53199999999999997806	0.48967457781430193589
0.53549999999999997797	0.48563814323782681279
0.53899999999999997783	0.48159454948365321809
0.54249999999999997768	0.47754485856278328876
0.54599999999999997754	0.47349011118568840229
0.54949999999999997739	0.46943132690634023529
0.55299999999999997725	0.4653695042709724057
0.55649999999999997705	0.46130562097137571117
0.55999999999999997691	0.4572406340025337059
0.56349999999999997682	0.45317547982440903057
0.56699999999999997667	0.44911107452769458745
0.57049999999999997653	0.44504831400334727746
0.57399999999999997639	0.44098807411572563082
0.57749999999999997624	0.43693121087915624102
0.58099999999999997604	0.43287856063775746445
0.5844999999999999759	0.42883094024835237325
0.58799999999999997581	0.42478914726630643674
0.59149999999999997567	0.42075396013412887919
0.59499999999999997552	0.41672613837268008373
0.59849999999999997538	0.41270642277483082314
0.60199999999999997524	0.40869553560142246159
0.60549999999999997504	0.40469418077938060994
0.60899999999999997489	0.40070304410183802329
0.61249999999999997475	0.39672279343012580534
0.61599999999999997466	0.39275407889749521005
0.61949999999999997452	0.38879753311443555037
0.62299999999999997437	0.38485377137545688468
0.62649999999999997423	0.38092339186720928997
0.62999999999999997408	0.37700697587781363497
0.63349999999999997389	0.37310508800728182512
0.63699999999999997374	0.3692182763789075303
0.64049999999999997365	0.36534707285151139583
0.64399999999999997351	0.36149199323242769611
0.64749999999999997336	0.35765353749112231601
0.65099999999999997322	0.3538321899733348294
0.65449999999999997308	0.35002841961564029442
0.65799999999999997288	0.34624268016032919964
0.66149999999999997273	0.34247541037050676976
0.66499999999999997264	0.33872703424531557963
0.6684999999999999725	0.33499796123518813003
0.67199999999999997236	0.33128858645703869991
0.67549999999999997221	0.32759929090930641797
0.67899999999999997207	0.32393044168676409384
0.68249999999999997187	0.32028239219500989282
0.68599999999999997173	0.31665548236456145777
0.68949999999999997158	0.31305003886447456478
0.69299999999999997149	0.3094663753154108301
0.69649999999999997135	0.30590479250208140068
0.6999999999999999712	0.3023655785849959174
0.70349999999999997106	0.29884900931144837332
0.70699999999999997092	0.29535534822567377961
0.71049999999999997072	0.29188484687811180971
0.71399999999999997057	0.28843774503371579944
0.71749999999999997048	0.28501427087924767221
0.72099999999999997034	0.28161464122950149652
0.7244999999999999702	0.2782390617324004864
0.72799999999999997005	0.27488772707291432974
0.73149999999999996991	0.27156082117574575869
0.73499999999999996971	0.26825851740673727877
0.73849999999999996957	0.26498097877295092469
0.74199999999999996942	0.26172835812137584162
0.74549999999999996933	0.25850079833622038048
0.74899999999999996919	0.25529843253474724028
0.75249999999999996904	0.25212138426161201973
0.7559999999999999689	0.24896976768166730924
0.7594999999999999687	0.24584368777119621281
0.76299999999999996856	0.242743240507540898
0.76649999999999996841	0.23966851305709344175
0.76999999999999996832	0.23661958396161789935
0.77349999999999996818	0.23359652332287411791
0.77699999999999996804	0.23059939298551540163
0.78049999999999996789	0.22762824671823367193
0.78399999999999996775	0.22468313039312727866
0.78749999999999996755	0.2217640821632680923
0.79099999999999996741	0.21887113263844595216
0.79449999999999996732	0.2160043050590699545
0.79799999999999996712	0.21316361546820744619
0.80149999999999996703	0.21034907288174293404
0.80499999999999996683	0.20756067945664043966
0.80849999999999996674	0.2047984306572941105
0.8119999999999999666	0.20206231541995315455
0.8154999999999999664	0.19935231631520838941
0.81899999999999996631	0.19666840970852889029
0.82249999999999996611	0.19401056591883838513
0.82599999999999996602	0.19137874937512217778
0.82949999999999996582	0.18877291877105649125
0.83299999999999996573	0.18619302721765319185
0.83649999999999996559	0.18363902239391391225
0.83999999999999996539	0.18111084669548860356
0.8434999999999999653	0.17860843738133454679
0.8469999999999999651	0.17613172671837281308
0.85049999999999996501	0.17368064212414010683
0.85399999999999996481	0.17125510630743483333
0.85749999999999996472	0.16885503740695712037
0.86099999999999996458	0.16648034912794338405
0.86449999999999996438	0.16413095087679686184
0.86799999999999996429	0.16180674789371634759
0.87149999999999996409	0.15950764138332614531
0.874999999999999964	0.15723352864331102468
0.87849999999999996381	0.15498430319106068826
0.88199999999999996372	0.15275985488832898416
0.88549999999999996352	0.15056007006391378026
0.88899999999999996337	0.1483848316343640861
0.89249999999999996328	0.14623401922272165035
0.89599999999999996309	0.14410750927530488966
0.899499999999999963	0.14200517517654359666
0.9029999999999999628	0.13992688736187346373
0.90649999999999996271	0.13787251342870000835
0.90999999999999996251	0.13584191824544203091
0.91349999999999996237	0.13383496405866524633
0.91699999999999996228	0.1318515105983172349
0.92049999999999996208	0.12989141518107532878
0.92399999999999996199	0.12795453281181951617
0.92749999999999996179	0.12604071628324287792
0.9309999999999999617	0.12414981627361249807
0.9344999999999999615	0.12228168144269419073
0.93799999999999996141	0.12043615852585477034
0.94149999999999996127	0.11861309242635596271
0.94499999999999996107	0.11681232630585440232
0.94849999999999996098	0.11503370167312249878
0.95199999999999996078	0.1132770584710052704
0.95549999999999996069	0.11154223516162854518
0.95899999999999996049	0.10982906880987421842
0.9624999999999999604	0.10813739516513852217
0.96599999999999996026	0.10646704874138952223
0.96949999999999996006	0.10481786289554029579
0.97299999999999995997	0.10318966990415447237
0.97649999999999995977	0.10158230103850103058
0.97999999999999995969	0.099995586637975445644
0.98349999999999995949	0.098429356181904464582
0.9869999999999999594	0.096883438359751961213
0.99049999999999995925	0.095357661139743480841
0.99399999999999995905	0.093851851835927233891
0.99749999999999995897	0.092365837173689430831
1.0009999999999999588	0.090899443353741974695
1.0044999999999999587	0.089452496114600640191
1.0079999999999999584	0.088024820793571967327
1.0114999999999999584	0.086616242386267188104
1.0149999999999999581	0.085226585604661582388
1.0184999999999999581	0.083855674933717729233
1.021999999999999958	0.082503334686591176866
1.0254999999999999578	0.081169389058437103158
1.0289999999999999577	0.079853662178836577814
1.0324999999999999574	0.078555978162861066775
1.0359999999999999574	0.077276161160793840168
1.0394999999999999571	0.076014035406526956175
1.0429999999999999571	0.074769425264652497639
1.0464999999999999569	0.073542155276266732619
1.0499999999999999568	0.072332050203505856943
1.0534999999999999567	0.071138935072831956223
1.0569999999999999564	0.069962635217087797603
1.0604999999999999564	0.068802976316339023922
1.0639999999999999561	0.067659784437522283007
1.0674999999999999561	0.066532886072917772418
1.0709999999999999559	0.065422108177464627482
1.0744999999999999558	0.064327278204937515021
1.0779999999999999557	0.063248224143002729257
1.0814999999999999555	0.062184774547172010141
1.0849999999999999554	0.061136758573672225253
1.0884999999999999551	0.060104006011248971771
1.0919999999999999551	0.059086347311922061758
1.0954999999999999549	0.058083613620710760377
1.0989999999999999548	0.057095636804346544991
1.1024999999999999546	0.056122249478991047548
1.1059999999999999545	0.055163285036976732683
1.1094999999999999544	0.054218577672587749507
1.1129999999999999541	0.053287962406898277588
1.1164999999999999541	0.05237127511168556326
1.1199999999999999538	0.051468352532434718455
1.1234999999999999538	0.050579032310452222394
1.1269999999999999536	0.049703153004104935008
1.1304999999999999535	0.048840554109201292823
1.1339999999999999533	0.047991076078531219988
1.1374999999999999531	0.047154560340581142803
1.1409999999999999531	0.046330849317440352506
1.1444999999999999528	0.045519786441914811373
1.1479999999999999528	0.044721216173864347916
1.1514999999999999526	0.043934984015779033467
1.1549999999999999525	0.043160936527610376869
1.1584999999999999523	0.042398921340872818339
1.1619999999999999521	0.041648787172030841934
1.1654999999999999521	0.040910383835186867978
1.1689999999999999518	0.040183562254084921757
1.1724999999999999518	0.039468174473444911899
1.1759999999999999516	0.038764073669642185746
1.1794999999999999515	0.038071114160746862377
1.1829999999999999513	0.037389151415937275148
1.1864999999999999511	0.036718042064301687254
1.189999999999999951	0.036057643903042272593
1.1934999999999999508	0.035407815905095184348
1.1969999999999999508	0.034768418226180360086
1.2004999999999999506	0.034139312211294541762
1.2039999999999999505	0.03352036040066081366
1.2074999999999999503	0.03291142653514778976
1.2109999999999999501	0.032312375561171406705
1.21449999999999995	0.031723073635092104492
1.2179999999999999498	0.031143388127120003317
1.2214999999999999498	0.030573187624740509221
1.2249999999999999495	0.030012341935672607647
1.2284999999999999495	0.029460722090371929229
1.2319999999999999493	0.028918200344090496599
1.2354999999999999492	0.028384650178504888502
1.238999999999999949	0.027859946302924382087
1.2424999999999999488	0.027343964655090461455
1.2459999999999999487	0.026836582401578906789
1.2494999999999999485	0.026337677937815505874
1.2529999999999999485	0.02584713088771625763
1.2564999999999999483	0.02536482210296276539
1.2599999999999999482	0.02489063366192334694
1.263499999999999948	0.0244244488682302178
1.2669999999999999478	0.023966152249022935171
1.2704999999999999477	0.023515629552868120709
1.2739999999999999475	0.023072767747365312802
1.2774999999999999474	0.022637455016448632189
1.2809999999999999473	0.022209580757393778575
1.2844999999999999472	0.02178903557753971121
1.287999999999999947	0.021375711290734202314
1.2914999999999999468	0.02096950091351228968
1.2949999999999999467	0.020570298661016492766
1.2984999999999999465	0.020177999942931353006
1.3019999999999999464	0.019792501359459555774
1.3054999999999999463	0.019413700694698943486
1.3089999999999999462	0.019041496912505040541
1.312499999999999946	0.01867579015137004083
1.3159999999999999458	0.018316481718970775029
1.3194999999999999457	0.017963474086516072324
1.3229999999999999455	0.017616670882901132749
1.3264999999999999454	0.017275976888676376373
1.3299999999999999453	0.016941298029838086639
1.3334999999999999451	0.016612541371448018524
1.336999999999999945	0.016289615111088996241
1.3404999999999999447	0.015972428572163381003
1.3439999999999999447	0.015660892197041147224
1.3474999999999999445	0.01535491754006416389
1.3509999999999999444	0.015054417260413138427
1.3544999999999999442	0.014759305114843542846
1.3579999999999999441	0.014469495950296704786
1.361499999999999944	0.014184905696392111588
1.3649999999999999437	0.013905451357806842718
1.3684999999999999437	0.013631051006547913208
1.3719999999999999435	0.013361623774123181696
1.3754999999999999434	0.013097089843616347655
1.3789999999999999432	0.012837370441671435853
1.3824999999999999431	0.012582387830392040846
1.385999999999999943	0.012332065299160480708
1.3894999999999999428	0.012086327156381887432
1.3929999999999999427	0.011845098721158141099
1.3964999999999999424	0.011608306314896436251
1.3999999999999999424	0.011375877252857152164
1.4034999999999999422	0.011147739835645582957
1.4069999999999999421	0.010923823340651970382
1.410499999999999942	0.010704058013444169519
1.4139999999999999418	0.010488375059117167583
1.4174999999999999417	0.010276706633603567203
1.4209999999999999414	0.010068985834949038267
1.4244999999999999414	0.0098651466945566371667
1.4279999999999999411	0.0096651241684037882173
1.4314999999999999411	0.009468854128235619853
1.434999999999999941	0.0092762733527382475797
1.4384999999999999408	0.0090873195186954966684
1.4419999999999999407	0.0089019311921324600546
1.4454999999999999404	0.0087200478194491911428
1.4489999999999999404	0.0085416097185477370757
1.4524999999999999401	0.0083665580699556251482
1.4559999999999999401	0.0081948349079488241576
1.4594999999999999399	0.008026383111677112853
1.4629999999999999398	0.007861146396294699629
1.4664999999999999397	0.0076990693040988513606
1.4699999999999999394	0.0075400971956792040815
1.4734999999999999394	0.0073841762410803449953
1.4769999999999999391	0.0072312534109801734884
1.4804999999999999391	0.0070812764678864682211
1.4839999999999999388	0.0069341939573540086096
1.4874999999999999388	0.0067899551992245215419
1.4909999999999999387	0.0066485102788916482064
1.4944999999999999384	0.0065098100385930513683
1.4979999999999999384	0.0063738060687317103123
1.5014999999999999381	0.0062404506992283790909
1.5049999999999999381	0.0061096969909071132931
1.5084999999999999378	0.005981498726915701827
1.5119999999999999378	0.0058558104041827725817
1.5154999999999999377	0.0057325872249132748473
1.5189999999999999374	0.0056117850881239764207
1.5224999999999999374	0.0054933605812205500017
1.5259999999999999371	0.0053772709716177613008
1.5294999999999999371	0.0052634741984042105053
1.5329999999999999368	0.0051519288640530191706
1.5364999999999999368	0.005042594226179796355
1.5399999999999999366	0.0049354301893491608783
1.5434999999999999364	0.0048303972969310408168
1.5469999999999999364	0.0047274567230079167587
1.5504999999999999361	0.0046265702643341221881
1.5539999999999999361	0.0045277003323482621315
1.5574999999999999358	0.0044308099452397603902
1.5609999999999999358	0.0043358627200704958257
1.5644999999999999356	0.0042428228649524397262
1.5679999999999999355	0.004151655171282158672
1.5714999999999999354	0.0040623250060330010978
1.5749999999999999351	0.0039747983041057404378
1.5784999999999999351	0.0038890415607384037457
1.5819999999999999348	0.0038050218239759713886
1.5854999999999999348	0.0037227066872005916913
1.5889999999999999346	0.0036420642817229132412
1.5924999999999999345	0.0035630632694350977256
1.5959999999999999342	0.0034856728355260372962
1.5994999999999999341	0.0034098626812592624074
1.6029999999999999341	0.0033356030168139893198
1.6064999999999999339	0.0032628645541897203419
1.6099999999999999337	0.0031916185001747749681
1.6134999999999999335	0.0031218365493790959092
1.6169999999999999335	0.0030534908773316409585
1.6204999999999999333	0.0029865541336426392813
1.6239999999999999332	0.0029209994352309594054
1.6274999999999999329	0.0028568003596168057003
1.6309999999999999328	0.0027939309382799305361
1.6344999999999999328	0.0027323656500835204465
1.6379999999999999326	0.0026720794147638867922
1.6414999999999999324	0.0026130475864860641882
1.6449999999999999322	0.0025552459474653936966
1.6484999999999999321	0.0024986507016551422166
1.651999999999999932	0.002443238468500184751
1.6554999999999999319	0.0023889862767567522081
1.6589999999999999316	0.0023358715583782241572
1.6624999999999999315	0.0022838721424669234002
1.6659999999999999315	0.0022329662492918474386
1.6694999999999999313	0.0021831324843722507806
1.6729999999999999312	0.0021343498326269716499
1.6764999999999999309	0.0020865976525893768686
1.6799999999999999308	0.0020398556706877796509
1.6834999999999999307	0.0019941039755911666351
1.6869999999999999306	0.0019493230126200526118
1.6904999999999999303	0.0019054935782222643322
1.6939999999999999302	0.001862596814513438181
1.6974999999999999301	0.0018206142038820005735
1.70099999999999993	0.001779527563658384519
1.7044999999999999299	0.0017393190408482210786
1.7079999999999999296	0.0016999711069292301591
1.7114999999999999295	0.0016614665527115214167
1.7149999999999999294	0.0016237884832610029364
1.7184999999999999293	0.0015869203128855826889
1.7219999999999999292	0.00155084576018383572
1.7254999999999999289	0.0015155488431557983896
1.7289999999999999288	0.0014810138743755399162
1.7324999999999999287	0.0014472254562251508251
1.7359999999999999286	0.0014141684761897777725
1.7394999999999999283	0.0013818281022133245162
1.7429999999999999282	0.0013501897781144295628
1.7464999999999999282	0.0013192392190623222279
1.749999999999999928	0.0012889624071121504325
1.7534999999999999279	0.0012593455867993656617
1.7569999999999999276	0.00123037526079274289
1.7604999999999999275	0.0012020381856056061779
1.7639999999999999274	0.0011743213673648238449
1.7674999999999999273	0.0011472120576371307499
1.770999999999999927	0.0011206977493123291807
1.7744999999999999269	0.0010947661725429142088
1.7779999999999999267	0.0010694052907396640148
1.7814999999999999267	0.0010446032966227307668
1.7849999999999999266	0.0010203486083277629775
1.7884999999999999263	0.00099662986556658591678
1.7919999999999999262	0.00097343592584196270205
1.7954999999999999261	0.00095075586071595497082
1.798999999999999926	0.00092857895213139863877
1.8024999999999999258	0.00090689468878600713942
1.8059999999999999256	0.00088569276255861171931
1.8094999999999999255	0.00086496306498704580495
1.8129999999999999254	0.00084469568379717816658
1.8164999999999999253	0.00082488089948259757482
1.819999999999999925	0.00080550918193444987008
1.8234999999999999249	0.00078657118712092681901
1.8269999999999999247	0.0007680577538159048404
1.8304999999999999247	0.00074995990037623060344
1.8339999999999999246	0.00073226882156714965535
1.8374999999999999243	0.00071497588543537359625
1.8409999999999999242	0.00069807263022928089797
1.8444999999999999241	0.0006815507613657462273
1.847999999999999924	0.0006654021484430931214
1.8514999999999999238	0.00064961882229966500331
1.8549999999999999236	0.00063419297211750987791
1.8584999999999999234	0.00061911694257067457088
1.8619999999999999234	0.00060438323101760504854
1.8654999999999999233	0.00058998448473715022912
1.868999999999999923	0.00057591349820766769135
1.8724999999999999229	0.00056216321042873087232
1.8759999999999999228	0.00054872670228493864207
1.8794999999999999227	0.00053559719395132962264
1.8829999999999999225	0.000522768042339905198
1.8864999999999999223	0.00051023273858676689814
1.8899999999999999221	0.00049798490557937569766
1.8934999999999999221	0.00048601829552344274911
1.896999999999999922	0.00047432678754896315973
1.9004999999999999217	0.00046290438535490664125
1.9039999999999999216	0.00045174521489208117993
1.9074999999999999214	0.00044084352208368828543
1.9109999999999999214	0.00043019367058309091719
1.9144999999999999212	0.00041979013956831779185
1.917999999999999921	0.00040962752157283049108
1.9214999999999999208	0.00039970052035208258527
1.9249999999999999208	0.00039000394878540286732
1.9284999999999999207	0.0003805327268127377529
1.9319999999999999205	0.0003712818794057909363
1.9354999999999999203	0.00036224653457310150141
1.9389999999999999201	0.00035342192139860485777
1.9424999999999999201	0.00034480336811322412257
1.9459999999999999199	0.00033638630019904285773
1.9494999999999999197	0.00032816623852561344322
1.9529999999999999195	0.00032013879751795877651
1.9564999999999999194	0.0003122996833558284585
1.9599999999999999194	0.00030464469220377413786
1.9634999999999999192	0.00029716970847161225142
1.966999999999999919	0.00028987070310484599871
1.9704999999999999188	0.00028274373190462203439
1.9739999999999999188	0.00027578493387680104338
1.9774999999999999187	0.00026899052960972507725
1.9809999999999999185	0.00026235681968026828167
1.9844999999999999183	0.00025588018308776141739
1.9879999999999999181	0.00024955707571538438097
1.9914999999999999181	0.00024338402881862476618
1.9949999999999999179	0.00023735764754040434774
1.9984999999999999177	0.00023147460945247924339
2.0019999999999999176	0.00022573166312272340521
2.0054999999999999175	0.00022012562670790897972
2.0089999999999999174	0.00021465338657160100911
2.0124999999999999172	0.00020931189592678786325
2.0159999999999999168	0.00020409817350287273549
2.0194999999999999169	0.00019900930223665548235
2.0229999999999999168	0.00019404242798693803633
2.0264999999999999166	0.00018919475827239057825
2.0299999999999999163	0.00018446356103231961497
2.0334999999999999163	0.00017984616340998306824
2.0369999999999999162	0.00017533995055810143798
2.0404999999999999161	0.00017094236446621806068
2.0439999999999999159	0.00016665090280956543769
2.0474999999999999156	0.00016246311781909855322
2.0509999999999999156	0.00015837661517236004627
2.0544999999999999155	0.00015438905290484603147
2.0579999999999999153	0.00015049814034154529053
2.0614999999999999152	0.0001467016370483284663
2.0649999999999999148	0.00014299735180286779871
2.0684999999999999149	0.00013938314158477182661
2.0719999999999999148	0.0001358569105846233581
2.0754999999999999146	0.00013241660923161287272
2.0789999999999999143	0.00012906023323946336248
2.0824999999999999143	0.00012578582267034644836
2.0859999999999999142	0.00012259146101649341864
2.089499999999999914	0.00011947527429920862761
2.0929999999999999139	0.00011643543018499646457
2.0964999999999999135	0.00011347013711851685597
2.0999999999999999136	0.0001105776434720879927
2.1034999999999999135	0.0001077562367114586868
2.1069999999999999133	0.0001050042425775764428
2.110499999999999913	0.00010232002428408099647
2.1139999999999999128	9.9701981730256711207e-05
2.1174999999999999129	9.7148550729180836074e-05
2.1209999999999999127	9.4658202250808219676e-05
2.1244999999999999126	9.2229441679736638306e-05
2.1279999999999999122	8.9860808087400432584e-05
2.1314999999999999123	8.7550873518443660028e-05
2.1349999999999999122	8.5298242291027452496e-05
2.138499999999999912	8.3101550310829724406e-05
2.1419999999999999119	8.0959464398498806468e-05
2.1454999999999999115	7.8870681630325977764e-05
2.1489999999999999116	7.6833928691905241411e-05
2.1524999999999999115	7.4847961244552029487e-05
2.1559999999999999113	7.2911563304255836696e-05
2.1594999999999999109	7.10235466329450638e-05
2.162999999999999911	6.9182750141845604765e-05
2.1664999999999999109	6.738803930671793497e-05
2.1699999999999999107	6.5638305594760648535e-05
2.1734999999999999106	6.3932465902971554933e-05
2.1769999999999999102	6.226946200776057558e-05
2.1804999999999999103	6.0648260025611780652e-05
2.1839999999999999102	5.9067849884594974119e-05
2.18749999999999991	5.7527244806530272949e-05
2.1909999999999999099	5.6025480799612131319e-05
2.1944999999999999095	5.4561616161302235912e-05
2.1979999999999999096	5.313473099130363883e-05
2.2014999999999999094	5.1743926714431408774e-05
2.2049999999999999093	5.0388325613197956998e-05
2.2084999999999999089	4.906707036993404479e-05
2.211999999999999909	4.7779323618269293131e-05
2.2154999999999999089	4.6524267503798800509e-05
2.2189999999999999087	4.5301103253765225982e-05
2.2224999999999999086	4.4109050755588416067e-05
2.2259999999999999082	4.2947348144077342336e-05
2.2294999999999999083	4.1815251397161774056e-05
2.2329999999999999081	4.0712033939983735405e-05
2.236499999999999908	3.9636986257191391371e-05
2.2399999999999999076	3.8589415513280568705e-05
2.2434999999999999075	3.7568645180831649742e-05
2.2469999999999999076	3.6574014676492076485e-05
2.2504999999999999074	3.5604879004557172114e-05
2.2539999999999999073	3.4660608408004423599e-05
2.2574999999999999069	3.3740588026838776928e-05
2.260999999999999907	3.2844217563608872194e-05
2.2644999999999999068	3.1970910955956491379e-05
2.2679999999999999067	3.1120096056063806244e-05
2.2714999999999999066	3.0291214316865299054e-05
2.2749999999999999062	2.9483720484893482452e-05
2.2784999999999999063	2.8697082299629770255e-05
2.2819999999999999061	2.7930780199234044561e-05
2.285499999999999906	2.7184307032528630184e-05
2.2889999999999999056	2.6457167777114523092e-05
2.2924999999999999057	2.574887926349982501e-05
2.2959999999999999055	2.5058969905122414652e-05
2.2994999999999999054	2.4386979434150933493e-05
2.3029999999999999053	2.3732458642950184278e-05
2.3064999999999999049	2.3094969131099031557e-05
2.309999999999999905	2.247408305785085668e-05
2.3134999999999999048	2.1869382899928554737e-05
2.3169999999999999047	2.1280461214547968391e-05
2.3204999999999999045	2.0706920407565533213e-05
2.3239999999999999042	2.0148372506647761535e-05
2.3274999999999999043	1.9604438939362017856e-05
2.3309999999999999041	1.9074750316089836524e-05
2.334499999999999904	1.8558946217665805057e-05
2.3379999999999999036	1.8056674987646782253e-05
2.3414999999999999037	1.756759352911793928e-05
2.3449999999999999035	1.7091367105943805906e-05
2.3484999999999999034	1.6627669148374172508e-05
2.3519999999999999032	1.6176181062916340563e-05
2.3554999999999999029	1.5736592046386832689e-05
2.358999999999999903	1.5308598904057265662e-05
2.3624999999999999028	1.4891905871810658234e-05
2.3659999999999999027	1.4486224442225989709e-05
2.3694999999999999023	1.4091273194510344769e-05
2.3729999999999999022	1.3706777628199475978e-05
2.3764999999999999022	1.3332470000549088394e-05
2.3799999999999999021	1.2968089167540599424e-05
2.3834999999999999019	1.2613380428426553287e-05
2.3869999999999999016	1.2268095373742272927e-05
2.3904999999999999017	1.1931991736711712983e-05
2.3939999999999999015	1.1604833247976836008e-05
2.3974999999999999014	1.1286389493581170777e-05
2.4009999999999999012	1.0976435776139526296e-05
2.4044999999999999009	1.0674752979127128556e-05
2.4079999999999999009	1.038112743422271924e-05
2.4114999999999999008	1.0095350791641406769e-05
2.4149999999999999007	9.8172198933942905863e-06
2.4184999999999999003	9.546536649413089604e-06
2.4219999999999999001	9.2831079164791956367e-06
2.4254999999999999002	9.0267453798977425429e-06
2.4289999999999999001	8.7772654378584321771e-06
2.4324999999999998999	8.534489088425988829e-06
2.4359999999999998996	8.2982418191042257269e-06
2.4394999999999998996	8.068353498918799915e-06
2.4429999999999998995	7.8446582729648056436e-06
2.4464999999999998994	7.6269944593664123472e-06
2.449999999999999899	7.4152044485967905897e-06
2.4534999999999998989	7.209134605107589033e-06
2.4569999999999998989	7.0086351712182270783e-06
2.4604999999999998988	6.8135601732162527025e-06
2.4639999999999998986	6.6237673296209817376e-06
2.4674999999999998983	6.4391179615635855461e-06
2.4709999999999998983	6.2594769052377272237e-06
2.4744999999999998982	6.0847124263757638582e-06
2.4779999999999998981	5.9146961367064328699e-06
2.4814999999999998979	5.7493029123508255252e-06
2.4849999999999998976	5.5884108141143195337e-06
2.4884999999999998976	5.431901009632996185e-06
2.4919999999999998975	5.2796576973339056197e-06
2.4954999999999998973	5.1315680321693667938e-06
2.498999999999999897	4.9875220530862968261e-06
2.5024999999999998968	4.8474126121923580616e-06
2.5059999999999998969	4.71113530558148997e-06
2.5094999999999998968	4.5785884057821580762e-06
2.5129999999999998966	4.4496727957924027738e-06
2.5164999999999998963	4.3242919046665079422e-06
2.5199999999999998963	4.2023516446188327965e-06
2.5234999999999998962	4.0837603496110603893e-06
2.526999999999999896	3.9684287153898131183e-06
2.5304999999999998959	3.8562697409422695767e-06
2.5339999999999998955	3.747198671338088258e-06
2.5374999999999998956	3.6411329419266022262e-06
2.5409999999999998955	3.5379921238588952169e-06
2.5444999999999998953	3.4376978709050036915e-06
2.547999999999999895	3.34017386753711157e-06
2.5514999999999998948	3.2453457782502146845e-06
2.5549999999999998949	3.153141198092330874e-06
2.5584999999999998947	3.063489604376918975e-06
2.5619999999999998946	2.9763223095507461645e-06
2.5654999999999998942	2.8915724151910082904e-06
2.5689999999999998943	2.8091747671060621419e-06
2.5724999999999998942	2.7290659115146721989e-06
2.575999999999999894	2.6511840522792076606e-06
2.5794999999999998937	2.5754690091687483082e-06
2.5829999999999998935	2.5018621771285704765e-06
2.5864999999999998936	2.4303064865329871771e-06
2.5899999999999998935	2.3607463643990092775e-06
2.5934999999999998933	2.2931276965387779729e-06
2.5969999999999998929	2.2273977906291925704e-06
2.6004999999999998928	2.1635053401776221253e-06
2.6039999999999998929	2.1014003893630447895e-06
2.6074999999999998927	2.0410342987324051156e-06
2.6109999999999998926	1.9823597117324170598e-06
2.6144999999999998922	1.9253305220574692267e-06
2.6179999999999998923	1.8699018417947092605e-06
2.6214999999999998922	1.8160299703477961135e-06
2.624999999999999892	1.7636723641212126656e-06
2.6284999999999998917	1.7127876069474267068e-06
2.6319999999999998915	1.6633353812395759227e-06
2.6354999999999998916	1.6152764398527323708e-06
2.6389999999999998914	1.5685725786371740757e-06
2.6424999999999998913	1.5231866096674559748e-06
2.6459999999999998909	1.4790823351314296975e-06
2.649499999999999891	1.4362245218637116098e-06
2.6529999999999998909	1.3945788765084413798e-06
2.6564999999999998907	1.3541120212965091548e-06
2.6599999999999998906	1.3147914704227584017e-06
2.6634999999999998902	1.2765856070089936259e-06
2.6669999999999998903	1.2394636606389378097e-06
2.6704999999999998901	1.2033956854515934497e-06
2.67399999999999989	1.1683525387797637597e-06
2.6774999999999998896	1.134305860320787062e-06
2.6809999999999998895	1.1012280518268276031e-06
2.6844999999999998896	1.0690922573023503228e-06
2.6879999999999998894	1.0378723436966853838e-06
2.6914999999999998893	1.0075428820798607866e-06
2.6949999999999998889	9.7807912929014819185e-07
2.698499999999999889	9.4945701004202826929e-07
2.7019999999999998888	9.2165309948353762368e-07
2.7054999999999998887	8.9464460619220966799e-07
2.7089999999999998883	8.6840935559906686861e-07
2.7124999999999998882	8.4292577383036164209e-07
2.7159999999999998883	8.1817287195699800135e-07
2.7194999999999998881	7.9413023064179580643e-07
2.722999999999999888	7.7077798517498441479e-07
2.7264999999999998876	7.4809681088853263685e-07
2.7299999999999998875	7.2606790894013731988e-07
2.7334999999999998876	7.0467299245790366963e-07
2.7369999999999998874	6.8389427303695674296e-07
2.7404999999999998873	6.6371444757942534652e-07
2.7439999999999998869	6.4411668546943712713e-07
2.747499999999999887	6.2508461607495686222e-07
2.7509999999999998868	6.0660231656848902854e-07
2.7544999999999998867	5.886543000588507156e-07
2.7579999999999998863	5.7122550402640190041e-07
2.7614999999999998862	5.5430127905429713653e-07
2.7649999999999998863	5.378673778484958817e-07
2.7684999999999998861	5.2190994453943808805e-07
2.771999999999999886	5.064155042584573674e-07
2.7754999999999998856	4.9137095298216611493e-07
2.7789999999999998857	4.7676354763820547942e-07
2.7824999999999998855	4.6258089646590809713e-07
2.7859999999999998854	4.4881094962557311635e-07
2.7894999999999998852	4.3544199005020131349e-07
2.7929999999999998849	4.2246262453368308365e-07
2.796499999999999885	4.0986177504957388497e-07
2.7999999999999998848	3.9762867029473033723e-07
2.8034999999999998847	3.8575283745221574915e-07
2.8069999999999998843	3.7422409416801637852e-07
2.8104999999999998842	3.630325407362393238e-07
2.8139999999999998842	3.5216855248758963505e-07
2.8174999999999998841	3.4162277237604809003e-07
2.820999999999999884	3.3138610375879216917e-07
2.8244999999999998836	3.2144970336452112487e-07
2.8279999999999998837	3.1180497444546174441e-07
2.8314999999999998835	3.0244356010844451049e-07
2.8349999999999998834	2.9335733682055040174e-07
2.838499999999999883	2.8453840808493663301e-07
2.8419999999999998829	2.7597909828255523504e-07
2.8454999999999998829	2.6767194667558158226e-07
2.8489999999999998828	2.5960970156847084669e-07
2.8524999999999998827	2.5178531462265893105e-07
2.8559999999999998823	2.4419193532102074847e-07
2.8594999999999998821	2.3682290557829286337e-07
2.8629999999999998822	2.2967175449375947424e-07
2.8664999999999998821	2.2273219324259059489e-07
2.8699999999999998819	2.159981101023091082e-07
2.8734999999999998816	2.0946356561094915829e-07
2.8769999999999998816	2.0312278785355217654e-07
2.8804999999999998815	1.9697016787372872916e-07
2.8839999999999998814	1.9100025520709438003e-07
2.887499999999999881	1.8520775353346592179e-07
2.8909999999999998809	1.7958751644478067957e-07
2.8944999999999998809	1.7413454332577617255e-07
2.8979999999999998808	1.6884397534454026995e-07
2.9014999999999998806	1.6371109155011314327e-07
2.9049999999999998803	1.5873130507439181353e-07
2.9084999999999998801	1.5390015943565598589e-07
2.9119999999999998802	1.4921332494110016096e-07
2.9154999999999998801	1.446665951858217674e-07
2.9189999999999998797	1.4025588364577830255e-07
2.9224999999999998796	1.3597722036228822012e-07
2.9259999999999998796	1.3182674871571062027e-07
2.9294999999999998795	1.2780072228599768677e-07
2.9329999999999998793	1.2389550179787132842e-07
2.936499999999999879	1.2010755214843163576e-07
2.9399999999999998788	1.1643343951505959729e-07
2.9434999999999998789	1.1286982854153005779e-07
2.9469999999999998788	1.0941347960030317386e-07
2.9504999999999998786	1.0606124612901366332e-07
2.9539999999999998783	1.0281007203922696753e-07
2.9574999999999998783	9.9656989195580100845e-08
2.9609999999999998782	9.6599114963472449477e-08
2.964499999999999878	9.3633649823518151067e-08
2.9679999999999998777	9.0757875051016947612e-08
2.9714999999999998775	8.796915045874459137e-08
2.9749999999999998776	8.5264912201407016183e-08
2.9784999999999998775	8.2642670640144591144e-08
2.9819999999999998773	8.0100008265513874755e-08
2.985499999999999877	7.763457767741440489e-08
2.9889999999999998768	7.5244099620467220123e-08
2.9924999999999998769	7.2926361073390030961e-08
2.9959999999999998768	7.0679213390951266386e-08
2.9994999999999998766	6.8500570497121636277e-08
3.0029999999999998762	6.6388407128077391441e-08
3.0064999999999998763	6.4340757123744152294e-08
3.0099999999999998762	6.2355711766604034083e-08
3.013499999999999876	6.0431418166521840982e-08
3.0169999999999998757	5.8566077690378352382e-08
3.0204999999999998755	5.6757944435330201803e-08
3.0239999999999998756	5.5005323744546567148e-08
3.0274999999999998755	5.330657076430287636e-08
3.0309999999999998753	5.1660089041340991072e-08
3.034499999999999875	5.0064329159433892376e-08
3.0379999999999998748	4.8517787414120763966e-08
3.0414999999999998749	4.7019004524605571426e-08
3.0449999999999998747	4.5566564381838787304e-08
3.0484999999999998744	4.4159092831827823199e-08
3.0519999999999998742	4.2795256493247022583e-08
3.0554999999999998743	4.1473761608442752193e-08
3.0589999999999998742	4.0193352926953223812e-08
3.062499999999999874	3.8952812620686195479e-08
3.0659999999999998737	3.7750959229920655711e-08
3.0694999999999998735	3.6586646639321001243e-08
3.0729999999999998736	3.5458763083174091723e-08
3.0764999999999998734	3.4366230179080915569e-08
3.0799999999999998733	3.3308001989355446787e-08
3.0834999999999998729	3.2283064109403621542e-08
3.0869999999999998728	3.1290432782375232378e-08
3.0904999999999998729	3.032915403940093626e-08
3.0939999999999998727	2.9398302864745515787e-08
3.0974999999999998724	2.8496982385227029836e-08
3.1009999999999998722	2.7624323083269554763e-08
3.1044999999999998723	2.6779482032974859882e-08
3.1079999999999998721	2.5961642158615593956e-08
3.111499999999999872	2.5170011514969393992e-08
3.1149999999999998716	2.4403822588929772846e-08
3.1184999999999998715	2.3662331621845711216e-08
3.1219999999999998716	2.2944817952057581973e-08
3.1254999999999998714	2.2250583377112379936e-08
3.1289999999999998713	2.1578951535156230303e-08
3.1324999999999998709	2.0929267305016812068e-08
3.135999999999999871	2.0300896224502669831e-08
3.1394999999999998708	1.9693223926460408186e-08
3.1429999999999998707	1.910565559214447574e-08
3.1464999999999998703	1.853761542146766183e-08
3.1499999999999998702	1.7988546119713555295e-08
3.1534999999999998703	1.7457908400305063006e-08
3.1569999999999998701	1.6945180503235661554e-08
3.16049999999999987	1.6449857728782371555e-08
3.1639999999999998696	1.5971451986131505374e-08
3.1674999999999998697	1.550949135656005634e-08
3.1709999999999998696	1.5063519670827179249e-08
3.1744999999999998692	1.463309610044156463e-08
3.1779999999999998693	1.4217794762481643689e-08
3.1814999999999998689	1.381720433765648259e-08
3.184999999999999869	1.3430927701305944343e-08
3.1884999999999998688	1.3058581567049219111e-08
3.1919999999999998685	1.2699796142801160321e-08
3.1954999999999998685	1.2354214798886019667e-08
3.1989999999999998682	1.2021493747988157835e-08
3.202499999999999868	1.1701301736689127537e-08
3.2059999999999998681	1.139331974835018792e-08
3.2094999999999998678	1.1097240717108822643e-08
3.2129999999999998678	1.081276925276720578e-08
3.2164999999999998675	1.0539621376359796582e-08
3.2199999999999998673	1.0277524266196354756e-08
3.2234999999999998674	1.0026216014185658671e-08
3.226999999999999867	9.7854453922540876368e-09
3.2304999999999998671	9.5549716286820033712e-09
3.233999999999999867	9.3345641941895425681e-09
3.2374999999999998666	9.1240025976120187486e-09
3.2409999999999998667	8.9230761910136358354e-09
3.2444999999999998663	8.731583984096644026e-09
3.2479999999999998664	8.5493344677714295598e-09
3.2514999999999998662	8.3761454467613298876e-09
3.2549999999999998659	8.2118438811242126968e-09
3.258499999999999866	8.0562657365810586771e-09
3.2619999999999998656	7.9092558435499513956e-09
3.2654999999999998657	7.7706677647920099046e-09
3.2689999999999998655	7.6403636715839100783e-09
3.2724999999999998652	7.5182142283397350134e-09
3.2759999999999998652	7.404098485612982058e-09
3.2794999999999998649	7.2979037814176419082e-09
3.2829999999999998647	7.1995256508153609806e-09
3.2864999999999998648	7.1088677437238109132e-09
3.2899999999999998644	7.0258417509095262115e-09
3.2934999999999998645	6.9503673381366407658e-09
3.2969999999999998642	6.8823720884511654982e-09
3.300499999999999864	6.8217914525887103398e-09
3.3039999999999998641	6.7685687075018733351e-09
3.3074999999999998637	6.7226549230119067883e-09
3.3109999999999998638	6.6840089365977335484e-09
3.3144999999999998636	6.6525973363439356358e-09
3.3179999999999998633	6.6283944520779812326e-09
3.3214999999999998634	6.6113823547357044998e-09
3.324999999999999863	6.6015508640029154939e-09
3.3284999999999998631	6.5988975642900044964e-09
3.3319999999999998629	6.603427829105526884e-09
3.3354999999999998626	6.6151548539040212325e-09
3.3389999999999998626	6.6340996974927363535e-09
3.3424999999999998623	6.6602913320915320401e-09
3.3459999999999998624	6.693766702149986394e-09
3.3494999999999998622	6.7345707920356999581e-09
3.3529999999999998618	6.7827567027179462273e-09
3.3564999999999998619	6.8383857375811916056e-09
3.3599999999999998616	6.9015274975136077653e-09
3.3634999999999998616	6.9722599854265392313e-09
3.3669999999999998615	7.0506697203719817762e-09
3.3704999999999998611	7.1368518614364866927e-09
3.3739999999999998612	7.2309103416015468823e-09
3.3774999999999998608	7.3329580117724567097e-09
3.3809999999999998607	7.4431167951898849253e-09
3.3844999999999998608	7.5615178524509730472e-09
3.3879999999999998604	7.6883017573796875561e-09
3.3914999999999998605	7.8236186839994289556e-09
3.3949999999999998601	7.9676286048745517168e-09
3.39849999999999986	8.1205015011014937221e-09
3.40199999999999986	8.2824175842446707978e-09
3.4054999999999998597	8.4535675305271798631e-09
3.4089999999999998598	8.63415272760169261e-09
3.4124999999999998596	8.8243855342427311865e-09
3.4159999999999998593	9.024489553317818257e-09
3.4194999999999998593	9.2346999184118085526e-09
3.422999999999999859	9.4552635944960592903e-09
3.426499999999999859	9.686439693052006336e-09
3.4299999999999998589	9.9284998020772055351e-09
3.4334999999999998585	1.0181728331420998904e-08
3.4369999999999998586	1.0446422873916699877e-08
3.4404999999999998582	1.0722894582797586323e-08
3.4439999999999998583	1.1011468565905072773e-08
3.4474999999999998582	1.1312484297219233065e-08
3.4509999999999998578	1.1626296046264390642e-08
3.4544999999999998579	1.1953273325965817328e-08
3.4579999999999998575	1.2293801359557714091e-08
3.4614999999999998574	1.2648281567167622801e-08
